1.7479e-10,1.0654e-10,1.1864e-10,4.8426e-11,-5.4041e-11,-9.1671e-11,8.3207e-10
1.4276e-07,4.3491e-07,4.2918e-07,-1.7471e-07,-3.9268e-07,1.4973e-07,2.5562e-07
1.1339e-06,3.4801e-06,3.4316e-06,-1.3937e-06,-3.1397e-06,1.1968e-06,2.0293e-06
3.8029e-06,1.175e-05,1.1577e-05,-4.6891e-06,-1.0591e-05,4.0333e-06,6.8132e-06
8.9574e-06,2.7862e-05,2.7432e-05,-1.1079e-05,-2.5092e-05,9.5457e-06,1.6068e-05
1.7383e-05,5.4437e-05,5.3555e-05,-2.1569e-05,-4.8981e-05,1.8615e-05,3.1225e-05
2.9844e-05,9.4094e-05,9.2499e-05,-3.7146e-05,-8.4589e-05,3.2113e-05,5.3679e-05
4.7081e-05,0.00014945,0.00014681,-5.8786e-05,-0.00013424,5.0909e-05,8.4798e-05
6.9812e-05,0.00022314,0.00021902,-8.7446e-05,-0.00020025,7.5862e-05,0.00012591
9.873e-05,0.00031776,0.00031167,-0.00012407,-0.00028491,0.00010782,0.00017832
0.00013451,0.00043594,0.00042726,-0.00016958,-0.00039054,0.00014764,0.00024329
0.00017779,0.00058028,0.0005683,-0.00022488,-0.00051939,0.00019614,0.00032204
0.00022919,0.00075339,0.00073728,-0.00029086,-0.00067376,0.00025415,0.00041577
0.00028932,0.00095786,0.00093668,-0.0003684,-0.00085588,0.0003225,0.00052564
0.00035874,0.0011963,0.001169,-0.00045833,-0.001068,0.00040199,0.00065277
0.00043801,0.0014712,0.0014366,-0.00056151,-0.0013124,0.00049341,0.00079823
0.00052763,0.0017853,0.0017419,-0.00067873,-0.0015912,0.00059756,0.00096308
0.0006281,0.002141,0.0020875,-0.00081078,-0.0019066,0.00071521,0.0011483
0.0007399,0.0025409,0.0024756,-0.00095845,-0.0022608,0.00084714,0.0013549
0.00086345,0.0029876,0.0029086,-0.0011225,-0.0026561,0.00099408,0.0015838
0.00099918,0.0034836,0.0033889,-0.0013036,-0.0030944,0.0011568,0.0018359
0.0011475,0.0040312,0.0039188,-0.0015025,-0.0035779,0.001336,0.0021119
0.0013087,0.0046332,0.0045007,-0.0017198,-0.0041088,0.0015324,0.0024129
0.0014832,0.0052919,0.0051367,-0.0019563,-0.0046891,0.0017468,0.0027394
0.0016712,0.0060097,0.0058292,-0.0022126,-0.0053208,0.0019797,0.0030922
0.001873,0.0067891,0.0065804,-0.0024892,-0.006006,0.002232,0.003472
0.002089,0.0076326,0.0073926,-0.0027868,-0.0067467,0.0025042,0.0038795
0.0023192,0.0085424,0.0082677,-0.0031059,-0.0075448,0.002797,0.0043152
0.0025639,0.009521,0.0092082,-0.0034471,-0.0084024,0.0031111,0.0047798
0.0028233,0.010571,0.010216,-0.0038108,-0.0093214,0.0034471,0.0052736
0.0030975,0.011694,0.011293,-0.0041976,-0.010304,0.0038055,0.0057972
0.0033865,0.012893,0.012442,-0.0046079,-0.011351,0.004187,0.0063511
0.0036905,0.01417,0.013664,-0.0050422,-0.012465,0.0045922,0.0069355
0.0040096,0.015527,0.014962,-0.0055008,-0.013648,0.0050215,0.0075508
0.0043436,0.016966,0.016337,-0.0059842,-0.014902,0.0054757,0.0081974
0.0046927,0.01849,0.017792,-0.0064926,-0.016228,0.0059551,0.0088754
0.0050568,0.020101,0.019328,-0.0070265,-0.017628,0.0064603,0.009585
0.0054358,0.021801,0.020947,-0.0075861,-0.019104,0.0069918,0.010327
0.0058296,0.023591,0.022651,-0.0081716,-0.020657,0.0075501,0.0111
0.006238,0.025475,0.024442,-0.0087834,-0.02229,0.0081356,0.011905
0.006661,0.027453,0.026321,-0.0094217,-0.024003,0.0087488,0.012743
0.0070984,0.029529,0.02829,-0.010087,-0.025798,0.0093901,0.013612
0.0075498,0.031703,0.030351,-0.010778,-0.027677,0.01006,0.014514
0.0080152,0.033979,0.032506,-0.011497,-0.029641,0.010759,0.015447
0.0084942,0.036357,0.034756,-0.012242,-0.031692,0.011487,0.016412
0.0089864,0.038839,0.037102,-0.013015,-0.033831,0.012244,0.017408
0.0094917,0.041428,0.039547,-0.013815,-0.03606,0.013032,0.018436
0.01001,0.044125,0.042091,-0.014641,-0.038379,0.01385,0.019494
0.01054,0.046931,0.044735,-0.015495,-0.040791,0.014698,0.020583
0.011082,0.049849,0.047483,-0.016376,-0.043295,0.015577,0.021702
0.011635,0.05288,0.050333,-0.017284,-0.045895,0.016488,0.022851
0.012199,0.056026,0.053289,-0.018219,-0.04859,0.017429,0.024029
0.012774,0.059288,0.05635,-0.019181,-0.051383,0.018403,0.025236
0.013358,0.062667,0.059519,-0.020169,-0.054273,0.019407,0.026471
0.013952,0.066166,0.062796,-0.021184,-0.057263,0.020444,0.027734
0.014555,0.069785,0.066183,-0.022224,-0.060353,0.021513,0.029023
0.015165,0.073525,0.06968,-0.023291,-0.063544,0.022614,0.030339
0.015783,0.077389,0.073289,-0.024383,-0.066837,0.023748,0.03168
0.016408,0.081378,0.077009,-0.0255,-0.070233,0.024914,0.033046
0.01704,0.085491,0.080844,-0.026642,-0.073733,0.026112,0.034435
0.017676,0.089732,0.084792,-0.027809,-0.077338,0.027343,0.035848
0.018317,0.0941,0.088855,-0.029,-0.081048,0.028606,0.037282
0.018963,0.098598,0.093033,-0.030215,-0.084864,0.029902,0.038738
0.019611,0.10322,0.097328,-0.031453,-0.088788,0.031231,0.040213
0.020262,0.10798,0.10174,-0.032713,-0.092818,0.032592,0.041708
0.020914,0.11287,0.10627,-0.033996,-0.096957,0.033985,0.04322
0.021567,0.11789,0.11092,-0.035301,-0.10121,0.035411,0.044749
0.022219,0.12305,0.11568,-0.036626,-0.10556,0.036869,0.046294
0.022871,0.12834,0.12056,-0.037973,-0.11003,0.038359,0.047853
0.02352,0.13376,0.12557,-0.039338,-0.11461,0.039881,0.049425
0.024166,0.13932,0.13069,-0.040723,-0.11929,0.041435,0.051009
0.024809,0.14502,0.13593,-0.042127,-0.12409,0.043021,0.052604
0.025446,0.15085,0.14129,-0.043548,-0.129,0.044638,0.054208
0.026077,0.15682,0.14678,-0.044986,-0.13402,0.046286,0.055819
0.026701,0.16293,0.15238,-0.046441,-0.13915,0.047965,0.057437
0.027317,0.16917,0.1581,-0.047911,-0.1444,0.049675,0.059059
0.027924,0.17555,0.16394,-0.049395,-0.14975,0.051415,0.060685
0.028521,0.18207,0.1699,-0.050893,-0.15522,0.053186,0.062312
0.029106,0.18873,0.17598,-0.052404,-0.1608,0.054986,0.063939
0.029678,0.19553,0.18218,-0.053927,-0.16649,0.056815,0.065565
0.030237,0.20246,0.1885,-0.055461,-0.17229,0.058673,0.067188
0.030781,0.20954,0.19494,-0.057005,-0.17821,0.06056,0.068805
0.031309,0.21675,0.2015,-0.058558,-0.18423,0.062475,0.070417
0.03182,0.2241,0.20817,-0.060119,-0.19037,0.064418,0.072019
0.032312,0.23159,0.21497,-0.061686,-0.19662,0.066388,0.073612
0.032785,0.23922,0.22188,-0.06326,-0.20298,0.068384,0.075192
0.033237,0.24698,0.2289,-0.064839,-0.20945,0.070407,0.076759
0.033666,0.25488,0.23604,-0.066421,-0.21603,0.072456,0.078309
0.034072,0.26292,0.2433,-0.068006,-0.22272,0.074529,0.079842
0.034454,0.2711,0.25067,-0.069592,-0.22952,0.076628,0.081356
0.034809,0.27941,0.25816,-0.071179,-0.23642,0.07875,0.082848
0.035137,0.28785,0.26575,-0.072765,-0.24344,0.080895,0.084316
0.035436,0.29644,0.27346,-0.074348,-0.25056,0.083063,0.085758
0.035706,0.30515,0.28128,-0.075928,-0.25779,0.085253,0.087173
0.035944,0.314,0.28921,-0.077504,-0.26512,0.087465,0.088558
0.036149,0.32298,0.29724,-0.079074,-0.27256,0.089697,0.089912
0.036321,0.33209,0.30539,-0.080636,-0.28011,0.091949,0.091231
0.036457,0.34133,0.31364,-0.08219,-0.28776,0.09422,0.092514
0.036556,0.35071,0.32199,-0.083734,-0.29551,0.09651,0.093759
0.036617,0.36021,0.33045,-0.085267,-0.30336,0.098817,0.094964
0.036639,0.36983,0.33901,-0.086787,-0.31131,0.10114,0.096126
0.03662,0.37959,0.34767,-0.088294,-0.31937,0.10348,0.097243
0.036558,0.38947,0.35643,-0.089785,-0.32752,0.10584,0.098312
0.036453,0.39947,0.36528,-0.091259,-0.33577,0.10821,0.099333
0.036303,0.4096,0.37424,-0.092715,-0.34412,0.11059,0.1003
0.036107,0.41984,0.38328,-0.094152,-0.35256,0.11299,0.10122
0.035863,0.43021,0.39242,-0.095567,-0.36109,0.1154,0.10208
0.035569,0.44069,0.40165,-0.096961,-0.36972,0.11781,0.10288
0.035225,0.45129,0.41097,-0.09833,-0.37845,0.12024,0.10361
0.034829,0.46201,0.42038,-0.099673,-0.38726,0.12268,0.10429
0.03438,0.47284,0.42987,-0.10099,-0.39616,0.12513,0.1049
0.033875,0.48378,0.43944,-0.10228,-0.40515,0.12758,0.10544
0.033315,0.49483,0.4491,-0.10354,-0.41422,0.13004,0.10592
0.032697,0.50599,0.45883,-0.10476,-0.42338,0.1325,0.10632
0.03202,0.51725,0.46864,-0.10596,-0.43263,0.13497,0.10664
0.031283,0.52862,0.47853,-0.10712,-0.44195,0.13744,0.10689
0.030484,0.54009,0.48849,-0.10824,-0.45136,0.13991,0.10706
0.029622,0.55166,0.49852,-0.10932,-0.46084,0.14238,0.10714
0.028695,0.56333,0.50861,-0.11037,-0.4704,0.14485,0.10714
0.027703,0.57509,0.51878,-0.11138,-0.48004,0.14733,0.10706
0.026644,0.58695,0.529,-0.11234,-0.48975,0.14979,0.10688
0.025516,0.5989,0.53929,-0.11326,-0.49954,0.15226,0.10662
0.024318,0.61094,0.54964,-0.11413,-0.50939,0.15472,0.10626
0.02305,0.62306,0.56004,-0.11496,-0.51931,0.15717,0.1058
0.021709,0.63527,0.5705,-0.11573,-0.5293,0.15962,0.10524
0.020294,0.64757,0.58101,-0.11646,-0.53935,0.16206,0.10459
0.018804,0.65994,0.59156,-0.11714,-0.54947,0.16449,0.10382
0.017239,0.67239,0.60217,-0.11776,-0.55964,0.1669,0.10296
0.015595,0.68491,0.61281,-0.11833,-0.56988,0.16931,0.10198
0.013874,0.69751,0.6235,-0.11884,-0.58017,0.1717,0.1009
0.012072,0.71017,0.63422,-0.11929,-0.59052,0.17408,0.099698
0.010189,0.7229,0.64498,-0.11968,-0.60092,0.17645,0.098384
0.0082236,0.7357,0.65577,-0.12001,-0.61138,0.17879,0.096952
0.006175,0.74856,0.66659,-0.12028,-0.62188,0.18112,0.095401
0.0040418,0.76147,0.67743,-0.12049,-0.63243,0.18343,0.093727
0.0018228,0.77444,0.6883,-0.12063,-0.64302,0.18572,0.091929
-0.00048295,0.78747,0.69919,-0.1207,-0.65366,0.18798,0.090004
-0.0028767,0.80054,0.71009,-0.1207,-0.66434,0.19023,0.08795
-0.0053594,0.81367,0.72101,-0.12063,-0.67505,0.19245,0.085764
-0.0079321,0.82683,0.73195,-0.12049,-0.68581,0.19464,0.083446
-0.010596,0.84004,0.74289,-0.12028,-0.69659,0.1968,0.080992
-0.013352,0.85328,0.75383,-0.11999,-0.70741,0.19894,0.0784
-0.016201,0.86656,0.76478,-0.11963,-0.71826,0.20105,0.075668
-0.019144,0.87988,0.77573,-0.11918,-0.72914,0.20312,0.072795
-0.022182,0.89322,0.78667,-0.11866,-0.74004,0.20517,0.069777
-0.025315,0.90659,0.7976,-0.11806,-0.75097,0.20718,0.066613
-0.028546,0.91998,0.80853,-0.11738,-0.76191,0.20916,0.063301
-0.031874,0.93339,0.81944,-0.11661,-0.77288,0.21109,0.059839
-0.0353,0.94681,0.83033,-0.11575,-0.78386,0.213,0.056224
-0.038826,0.96025,0.8412,-0.11481,-0.79486,0.21486,0.052455
-0.042452,0.9737,0.85205,-0.11379,-0.80586,0.21668,0.048531
-0.046178,0.98715,0.86287,-0.11267,-0.81688,0.21846,0.044448
-0.050006,1.0006,0.87366,-0.11146,-0.8279,0.2202,0.040206
-0.053935,1.0141,0.88442,-0.11017,-0.83893,0.22189,0.035801
-0.057968,1.0275,0.89514,-0.10877,-0.84996,0.22354,0.031234
-0.062104,1.041,0.90583,-0.10729,-0.86099,0.22514,0.026501
-0.066344,1.0544,0.91646,-0.10571,-0.87202,0.2267,0.021601
-0.070689,1.0678,0.92705,-0.10403,-0.88305,0.2282,0.016533
-0.075138,1.0812,0.93759,-0.10226,-0.89406,0.22965,0.011294
-0.079693,1.0946,0.94808,-0.10038,-0.90507,0.23105,0.005883
-0.084355,1.108,0.95851,-0.098409,-0.91607,0.2324,0.00029863
-0.089122,1.1213,0.96888,-0.096334,-0.92705,0.23369,-0.0054608
-0.093997,1.1346,0.97919,-0.094157,-0.93801,0.23493,-0.011397
-0.098978,1.1479,0.98943,-0.091876,-0.94896,0.2361,-0.017511
-0.10407,1.1611,0.99959,-0.089491,-0.95988,0.23722,-0.023804
-0.10926,1.1743,1.0097,-0.087,-0.97079,0.23828,-0.030279
-0.11457,1.1875,1.0197,-0.084404,-0.98166,0.23928,-0.036935
-0.11998,1.2006,1.0296,-0.0817,-0.99251,0.24022,-0.043775
-0.1255,1.2136,1.0395,-0.078887,-1.0033,0.24109,-0.0508
-0.13114,1.2266,1.0493,-0.075966,-1.0141,0.2419,-0.058011
-0.13687,1.2396,1.0589,-0.072934,-1.0249,0.24264,-0.065409
-0.14272,1.2525,1.0685,-0.069792,-1.0356,0.24331,-0.072995
-0.14868,1.2653,1.078,-0.066538,-1.0462,0.24391,-0.080771
-0.15474,1.278,1.0874,-0.063172,-1.0569,0.24445,-0.088736
-0.16092,1.2907,1.0967,-0.059693,-1.0675,0.24491,-0.096893
-0.1672,1.3033,1.1058,-0.056099,-1.078,0.2453,-0.10524
-0.17359,1.3158,1.1149,-0.052392,-1.0885,0.24562,-0.11379
-0.18009,1.3282,1.1238,-0.048569,-1.0989,0.24586,-0.12252
-0.1867,1.3406,1.1327,-0.04463,-1.1093,0.24603,-0.13145
-0.19342,1.3528,1.1414,-0.040576,-1.1197,0.24612,-0.14058
-0.20024,1.365,1.15,-0.036404,-1.1299,0.24613,-0.1499
-0.20717,1.3771,1.1584,-0.032115,-1.1401,0.24606,-0.15942
-0.21421,1.3891,1.1667,-0.027709,-1.1503,0.24591,-0.16914
-0.22135,1.4009,1.1749,-0.023184,-1.1604,0.24568,-0.17905
-0.2286,1.4127,1.183,-0.018541,-1.1704,0.24536,-0.18916
-0.23596,1.4244,1.1909,-0.013778,-1.1804,0.24497,-0.19947
-0.24342,1.4359,1.1987,-0.008897,-1.1902,0.24448,-0.20998
-0.25099,1.4473,1.2063,-0.0038961,-1.2001,0.24392,-0.22069
-0.25866,1.4587,1.2138,0.0012245,-1.2098,0.24326,-0.2316
-0.26643,1.4698,1.2211,0.006465,-1.2195,0.24252,-0.24271
-0.27431,1.4809,1.2283,0.011826,-1.229,0.24169,-0.25402
-0.28229,1.4918,1.2353,0.017306,-1.2385,0.24077,-0.26553
-0.29036,1.5027,1.2422,0.022907,-1.248,0.23975,-0.27723
-0.29854,1.5133,1.2489,0.028628,-1.2573,0.23865,-0.28914
-0.30682,1.5239,1.2554,0.03447,-1.2665,0.23745,-0.30125
-0.3152,1.5343,1.2617,0.040431,-1.2757,0.23617,-0.31356
-0.32367,1.5445,1.2679,0.046513,-1.2848,0.23478,-0.32606
-0.33225,1.5546,1.2739,0.052714,-1.2938,0.2333,-0.33877
-0.34091,1.5646,1.2798,0.059036,-1.3026,0.23173,-0.35167
-0.34967,1.5744,1.2854,0.065476,-1.3114,0.23005,-0.36477
-0.35853,1.584,1.2909,0.072037,-1.3201,0.22828,-0.37807
-0.36748,1.5935,1.2962,0.078716,-1.3287,0.22641,-0.39157
-0.37652,1.6029,1.3012,0.085514,-1.3372,0.22445,-0.40527
-0.38565,1.612,1.3061,0.09243,-1.3456,0.22238,-0.41916
-0.39486,1.621,1.3109,0.099464,-1.3539,0.22021,-0.43324
-0.40417,1.6299,1.3154,0.10661,-1.3621,0.21794,-0.44752
-0.41356,1.6385,1.3197,0.11388,-1.3702,0.21557,-0.462
-0.42303,1.647,1.3238,0.12127,-1.3781,0.21309,-0.47667
-0.43259,1.6553,1.3277,0.12877,-1.386,0.21051,-0.49153
-0.44223,1.6635,1.3314,0.13638,-1.3937,0.20783,-0.50658
-0.45195,1.6714,1.3349,0.14411,-1.4014,0.20504,-0.52182
-0.46175,1.6792,1.3382,0.15195,-1.4089,0.20215,-0.53725
-0.47163,1.6867,1.3413,0.15991,-1.4163,0.19915,-0.55287
-0.48158,1.6941,1.3441,0.16798,-1.4236,0.19605,-0.56868
-0.49161,1.7013,1.3468,0.17616,-1.4308,0.19284,-0.58467
-0.50171,1.7083,1.3492,0.18445,-1.4378,0.18952,-0.60084
-0.51188,1.7152,1.3514,0.19284,-1.4448,0.1861,-0.6172
-0.52211,1.7218,1.3534,0.20135,-1.4516,0.18257,-0.63374
-0.53242,1.7282,1.3552,0.20996,-1.4583,0.17893,-0.65046
-0.54279,1.7344,1.3567,0.21868,-1.4648,0.17518,-0.66735
-0.55322,1.7404,1.358,0.22751,-1.4713,0.17132,-0.68443
-0.56371,1.7462,1.3591,0.23644,-1.4776,0.16735,-0.70167
-0.57427,1.7518,1.36,0.24547,-1.4838,0.16328,-0.71909
-0.58488,1.7572,1.3606,0.2546,-1.4899,0.15909,-0.73669
-0.59555,1.7624,1.361,0.26383,-1.4958,0.15479,-0.75445
-0.60627,1.7674,1.3611,0.27317,-1.5016,0.15039,-0.77238
-0.61704,1.7721,1.3611,0.28259,-1.5073,0.14587,-0.79047
-0.62786,1.7767,1.3607,0.29212,-1.5129,0.14124,-0.80873
-0.63872,1.781,1.3602,0.30174,-1.5183,0.13651,-0.82715
-0.64964,1.7851,1.3594,0.31145,-1.5236,0.13166,-0.84573
-0.66059,1.789,1.3584,0.32125,-1.5287,0.1267,-0.86447
-0.67159,1.7926,1.3571,0.33115,-1.5338,0.12163,-0.88336
-0.68262,1.7961,1.3556,0.34113,-1.5386,0.11645,-0.9024
-0.69369,1.7993,1.3538,0.3512,-1.5434,0.11116,-0.92159
-0.70479,1.8023,1.3518,0.36135,-1.548,0.10576,-0.94094
-0.71593,1.805,1.3495,0.37159,-1.5525,0.10024,-0.96042
-0.72709,1.8076,1.347,0.3819,-1.5569,0.094621,-0.98006
-0.73828,1.8099,1.3443,0.3923,-1.5611,0.088888,-0.99983
-0.74949,1.812,1.3413,0.40278,-1.5652,0.083046,-1.0197
-0.76073,1.8138,1.338,0.41333,-1.5691,0.077093,-1.0398
-0.77198,1.8154,1.3345,0.42395,-1.573,0.07103,-1.06
-0.78325,1.8168,1.3308,0.43465,-1.5766,0.064859,-1.0803
-0.79454,1.818,1.3268,0.44541,-1.5802,0.058578,-1.1007
-0.80584,1.8189,1.3226,0.45625,-1.5836,0.052188,-1.1213
-0.81714,1.8196,1.3181,0.46714,-1.5869,0.04569,-1.1419
-0.82845,1.8201,1.3133,0.47811,-1.59,0.039083,-1.1627
-0.83977,1.8203,1.3083,0.48913,-1.593,0.032369,-1.1836
-0.85109,1.8203,1.3031,0.50021,-1.5958,0.025548,-1.2047
-0.8624,1.8201,1.2976,0.51135,-1.5986,0.01862,-1.2258
-0.87371,1.8196,1.2919,0.52255,-1.6012,0.011585,-1.247
-0.88502,1.8189,1.2859,0.5338,-1.6036,0.0044445,-1.2684
-0.89631,1.8179,1.2796,0.54509,-1.606,-0.0028012,-1.2898
-0.9076,1.8168,1.2731,0.55644,-1.6081,-0.010152,-1.3114
-0.91887,1.8154,1.2664,0.56783,-1.6102,-0.017606,-1.333
-0.93012,1.8137,1.2594,0.57926,-1.6121,-0.025164,-1.3547
-0.94135,1.8119,1.2522,0.59073,-1.6139,-0.032825,-1.3765
-0.95255,1.8097,1.2447,0.60225,-1.6156,-0.040589,-1.3984
-0.96373,1.8074,1.237,0.61379,-1.6171,-0.048453,-1.4204
-0.97488,1.8048,1.229,0.62537,-1.6185,-0.056419,-1.4425
-0.986,1.802,1.2207,0.63698,-1.6197,-0.064484,-1.4646
-0.99709,1.799,1.2123,0.64862,-1.6209,-0.072649,-1.4868
-1.0081,1.7957,1.2036,0.66029,-1.6219,-0.080912,-1.509
-1.0191,1.7922,1.1946,0.67197,-1.6227,-0.089273,-1.5314
-1.0301,1.7885,1.1854,0.68368,-1.6235,-0.09773,-1.5538
-1.041,1.7845,1.176,0.6954,-1.6241,-0.10628,-1.5762
-1.0519,1.7804,1.1663,0.70714,-1.6246,-0.11493,-1.5987
-1.0627,1.776,1.1564,0.71889,-1.625,-0.12367,-1.6212
-1.0735,1.7713,1.1462,0.73065,-1.6252,-0.13251,-1.6438
-1.0842,1.7665,1.1358,0.74241,-1.6253,-0.14144,-1.6664
-1.0948,1.7614,1.1252,0.75418,-1.6253,-0.15045,-1.6891
-1.1054,1.7561,1.1143,0.76595,-1.6252,-0.15956,-1.7118
-1.116,1.7506,1.1032,0.77772,-1.625,-0.16876,-1.7345
-1.1264,1.7448,1.0919,0.78948,-1.6246,-0.17804,-1.7573
-1.1368,1.7389,1.0803,0.80124,-1.6241,-0.18741,-1.78
-1.1471,1.7327,1.0686,0.81298,-1.6235,-0.19687,-1.8028
-1.1573,1.7263,1.0566,0.82471,-1.6228,-0.20641,-1.8256
-1.1675,1.7197,1.0443,0.83642,-1.622,-0.21603,-1.8484
-1.1775,1.7129,1.0319,0.84812,-1.621,-0.22574,-1.8712
-1.1875,1.7059,1.0192,0.85979,-1.62,-0.23553,-1.8941
-1.1974,1.6986,1.0063,0.87144,-1.6188,-0.24539,-1.9169
-1.2072,1.6912,0.99323,0.88306,-1.6175,-0.25534,-1.9397
-1.2169,1.6836,0.97991,0.89464,-1.6161,-0.26536,-1.9625
-1.2265,1.6757,0.96638,0.9062,-1.6147,-0.27545,-1.9853
-1.236,1.6677,0.95265,0.91771,-1.6131,-0.28562,-2.0081
-1.2454,1.6595,0.9387,0.92919,-1.6114,-0.29587,-2.0308
-1.2548,1.651,0.92455,0.94062,-1.6096,-0.30618,-2.0536
-1.2639,1.6424,0.9102,0.95201,-1.6077,-0.31657,-2.0763
-1.273,1.6336,0.89565,0.96335,-1.6057,-0.32702,-2.0989
-1.282,1.6246,0.88091,0.97463,-1.6036,-0.33754,-2.1216
-1.2909,1.6154,0.86597,0.98586,-1.6014,-0.34813,-2.1442
-1.2996,1.606,0.85083,0.99704,-1.5991,-0.35878,-2.1667
-1.3082,1.5965,0.83551,1.0081,-1.5967,-0.36949,-2.1892
-1.3167,1.5867,0.82,1.0192,-1.5943,-0.38026,-2.2117
-1.3251,1.5768,0.80431,1.0302,-1.5917,-0.39109,-2.234
-1.3333,1.5667,0.78843,1.0411,-1.5891,-0.40199,-2.2564
-1.3414,1.5565,0.77238,1.0519,-1.5864,-0.41293,-2.2786
-1.3494,1.5461,0.75615,1.0627,-1.5836,-0.42394,-2.3008
-1.3572,1.5355,0.73975,1.0734,-1.5807,-0.43499,-2.323
-1.3649,1.5247,0.72318,1.084,-1.5777,-0.4461,-2.345
-1.3725,1.5138,0.70644,1.0945,-1.5747,-0.45725,-2.367
-1.3799,1.5028,0.68954,1.1049,-1.5715,-0.46846,-2.3889
-1.3872,1.4915,0.67248,1.1152,-1.5684,-0.47971,-2.4106
-1.3943,1.4802,0.65526,1.1255,-1.5651,-0.49101,-2.4324
-1.4012,1.4687,0.63789,1.1356,-1.5617,-0.50235,-2.454
-1.408,1.457,0.62037,1.1457,-1.5583,-0.51373,-2.4755
-1.4147,1.4452,0.6027,1.1556,-1.5549,-0.52515,-2.4969
-1.4212,1.4333,0.58488,1.1655,-1.5513,-0.53661,-2.5182
-1.4275,1.4212,0.56693,1.1752,-1.5477,-0.54811,-2.5394
-1.4337,1.409,0.54883,1.1848,-1.5441,-0.55964,-2.5604
-1.4397,1.3966,0.5306,1.1943,-1.5404,-0.5712,-2.5814
-1.4456,1.3842,0.51225,1.2037,-1.5366,-0.58279,-2.6022
-1.4512,1.3716,0.49376,1.213,-1.5328,-0.59442,-2.6229
-1.4567,1.3589,0.47515,1.2221,-1.5289,-0.60607,-2.6435
-1.4621,1.3461,0.45642,1.2311,-1.525,-0.61774,-2.664
-1.4672,1.3332,0.43758,1.24,-1.521,-0.62944,-2.6843
-1.4722,1.3202,0.41862,1.2488,-1.517,-0.64116,-2.7044
-1.477,1.307,0.39955,1.2574,-1.5129,-0.65291,-2.7245
-1.4816,1.2938,0.38038,1.2659,-1.5088,-0.66467,-2.7443
-1.4861,1.2805,0.3611,1.2742,-1.5046,-0.67644,-2.7641
-1.4903,1.2671,0.34173,1.2824,-1.5005,-0.68823,-2.7836
-1.4944,1.2536,0.32226,1.2905,-1.4962,-0.70004,-2.8031
-1.4983,1.24,0.3027,1.2984,-1.492,-0.71185,-2.8223
-1.502,1.2263,0.28305,1.3062,-1.4877,-0.72368,-2.8414
-1.5055,1.2125,0.26332,1.3138,-1.4834,-0.73551,-2.8603
-1.5088,1.1987,0.24351,1.3213,-1.479,-0.74734,-2.8791
-1.5119,1.1848,0.22362,1.3286,-1.4747,-0.75918,-2.8977
-1.5148,1.1708,0.20366,1.3357,-1.4703,-0.77102,-2.9161
-1.5175,1.1568,0.18364,1.3427,-1.4659,-0.78286,-2.9343
-1.5201,1.1427,0.16355,1.3495,-1.4614,-0.7947,-2.9523
-1.5224,1.1286,0.1434,1.3562,-1.457,-0.80654,-2.9702
-1.5245,1.1144,0.12319,1.3626,-1.4525,-0.81836,-2.9879
-1.5264,1.1001,0.10293,1.369,-1.448,-0.83018,-3.0053
-1.5282,1.0859,0.082619,1.3751,-1.4435,-0.84199,-3.0226
-1.5297,1.0715,0.062265,1.3811,-1.439,-0.85379,-3.0397
-1.531,1.0572,0.04187,1.3868,-1.4345,-0.86558,-3.0566
-1.5321,1.0428,0.021439,1.3925,-1.43,-0.87735,-3.0733
-1.533,1.0283,0.00097391,1.3979,-1.4255,-0.8891,-3.0897
-1.5337,1.0139,-0.01952,1.4031,-1.421,-0.90083,-3.106
-1.5342,0.99942,-0.040039,1.4082,-1.4165,-0.91254,-3.1221
-1.5344,0.98494,-0.060579,1.413,-1.412,-0.92423,-3.1379
-1.5345,0.97044,-0.081137,1.4177,-1.4074,-0.9359,-3.1535
-1.5343,0.95593,-0.10171,1.4222,-1.4029,-0.94754,-3.1689
-1.534,0.94142,-0.12229,1.4265,-1.3984,-0.95915,-3.1841
-1.5334,0.9269,-0.14288,1.4306,-1.394,-0.97072,-3.1991
-1.5326,0.91239,-0.16346,1.4345,-1.3895,-0.98227,-3.2138
-1.5316,0.89789,-0.18405,1.4382,-1.385,-0.99378,-3.2283
-1.5304,0.88339,-0.20463,1.4417,-1.3806,-1.0053,-3.2426
-1.529,0.86891,-0.2252,1.445,-1.3762,-1.0167,-3.2566
-1.5273,0.85445,-0.24575,1.4481,-1.3718,-1.0281,-3.2705
-1.5255,0.84001,-0.26629,1.451,-1.3674,-1.0395,-3.284
-1.5234,0.8256,-0.28681,1.4536,-1.363,-1.0508,-3.2974
-1.5211,0.81121,-0.3073,1.4561,-1.3587,-1.062,-3.3105
-1.5186,0.79686,-0.32776,1.4584,-1.3543,-1.0733,-3.3233
-1.5159,0.78254,-0.34819,1.4604,-1.3501,-1.0844,-3.3359
-1.513,0.76827,-0.36858,1.4623,-1.3458,-1.0956,-3.3483
-1.5098,0.75404,-0.38893,1.4639,-1.3416,-1.1067,-3.3604
-1.5064,0.73986,-0.40924,1.4653,-1.3374,-1.1177,-3.3723
-1.5029,0.72573,-0.4295,1.4665,-1.3332,-1.1286,-3.3839
-1.4991,0.71165,-0.4497,1.4675,-1.3291,-1.1395,-3.3953
-1.4951,0.69764,-0.46985,1.4683,-1.325,-1.1504,-3.4064
-1.4909,0.68369,-0.48994,1.4688,-1.321,-1.1612,-3.4173
-1.4864,0.6698,-0.50997,1.4692,-1.317,-1.1719,-3.4279
-1.4818,0.65599,-0.52994,1.4693,-1.313,-1.1826,-3.4383
-1.4769,0.64224,-0.54983,1.4692,-1.3091,-1.1932,-3.4484
-1.4718,0.62858,-0.56965,1.4688,-1.3052,-1.2037,-3.4582
-1.4666,0.61499,-0.58939,1.4683,-1.3013,-1.2142,-3.4678
-1.4611,0.60149,-0.60905,1.4675,-1.2976,-1.2246,-3.4771
-1.4554,0.58808,-0.62862,1.4665,-1.2938,-1.2349,-3.4862
-1.4495,0.57476,-0.64811,1.4653,-1.2901,-1.2452,-3.495
-1.4434,0.56153,-0.66751,1.4639,-1.2865,-1.2553,-3.5036
-1.437,0.5484,-0.68681,1.4622,-1.2829,-1.2654,-3.5118
-1.4305,0.53537,-0.70602,1.4603,-1.2793,-1.2755,-3.5199
-1.4238,0.52244,-0.72512,1.4582,-1.2759,-1.2854,-3.5276
-1.4168,0.50962,-0.74412,1.4558,-1.2724,-1.2953,-3.5351
-1.4097,0.49691,-0.76301,1.4533,-1.269,-1.3051,-3.5423
-1.4024,0.48432,-0.78179,1.4505,-1.2657,-1.3148,-3.5493
-1.3948,0.47184,-0.80046,1.4475,-1.2625,-1.3244,-3.556
-1.3871,0.45948,-0.81901,1.4442,-1.2593,-1.3339,-3.5624
-1.3792,0.44724,-0.83744,1.4407,-1.2561,-1.3433,-3.5686
-1.371,0.43513,-0.85575,1.437,-1.253,-1.3527,-3.5745
-1.3627,0.42314,-0.87393,1.4331,-1.25,-1.362,-3.5801
-1.3542,0.41129,-0.89198,1.429,-1.247,-1.3711,-3.5855
-1.3455,0.39957,-0.9099,1.4246,-1.2441,-1.3802,-3.5906
-1.3366,0.38799,-0.92768,1.42,-1.2413,-1.3892,-3.5955
-1.3275,0.37654,-0.94533,1.4152,-1.2385,-1.3981,-3.6
-1.3182,0.36524,-0.96284,1.4102,-1.2358,-1.4069,-3.6044
-1.3088,0.35408,-0.9802,1.4049,-1.2332,-1.4156,-3.6084
-1.2992,0.34307,-0.99742,1.3994,-1.2306,-1.4242,-3.6122
-1.2894,0.33221,-1.0145,1.3937,-1.2281,-1.4327,-3.6158
-1.2794,0.3215,-1.0314,1.3878,-1.2256,-1.4411,-3.619
-1.2692,0.31094,-1.0482,1.3817,-1.2232,-1.4494,-3.622
-1.2589,0.30055,-1.0648,1.3753,-1.2209,-1.4576,-3.6248
-1.2484,0.29031,-1.0812,1.3687,-1.2187,-1.4657,-3.6273
-1.2377,0.28023,-1.0975,1.3619,-1.2165,-1.4737,-3.6295
-1.2268,0.27031,-1.1136,1.3549,-1.2144,-1.4816,-3.6315
-1.2158,0.26056,-1.1296,1.3477,-1.2123,-1.4894,-3.6332
-1.2047,0.25097,-1.1454,1.3403,-1.2103,-1.4971,-3.6347
-1.1933,0.24156,-1.161,1.3326,-1.2084,-1.5046,-3.6359
-1.1818,0.23232,-1.1765,1.3247,-1.2066,-1.5121,-3.6369
-1.1702,0.22325,-1.1918,1.3167,-1.2048,-1.5194,-3.6376
-1.1584,0.21435,-1.2069,1.3084,-1.2031,-1.5267,-3.6381
-1.1465,0.20563,-1.2218,1.2999,-1.2014,-1.5338,-3.6383
-1.1344,0.19709,-1.2365,1.2912,-1.1998,-1.5408,-3.6383
-1.1222,0.18872,-1.2511,1.2823,-1.1983,-1.5477,-3.6381
-1.1098,0.18054,-1.2655,1.2732,-1.1969,-1.5545,-3.6376
-1.0973,0.17254,-1.2797,1.2639,-1.1955,-1.5612,-3.6368
-1.0846,0.16473,-1.2937,1.2545,-1.1942,-1.5678,-3.6358
-1.0719,0.1571,-1.3075,1.2448,-1.1929,-1.5742,-3.6346
-1.0589,0.14966,-1.3211,1.2349,-1.1917,-1.5805,-3.6332
-1.0459,0.1424,-1.3346,1.2248,-1.1906,-1.5868,-3.6315
-1.0328,0.13533,-1.3478,1.2145,-1.1895,-1.5929,-3.6296
-1.0195,0.12846,-1.3609,1.2041,-1.1886,-1.5989,-3.6274
-1.0061,0.12177,-1.3738,1.1934,-1.1876,-1.6047,-3.625
-0.99256,0.11528,-1.3864,1.1826,-1.1868,-1.6105,-3.6224
-0.97894,0.10898,-1.3989,1.1716,-1.1859,-1.6161,-3.6196
-0.96521,0.10287,-1.4112,1.1604,-1.1852,-1.6216,-3.6166
-0.95137,0.096953,-1.4233,1.149,-1.1845,-1.627,-3.6133
-0.93743,0.091234,-1.4351,1.1375,-1.1839,-1.6323,-3.6099
-0.9234,0.08571,-1.4468,1.1258,-1.1833,-1.6374,-3.6062
-0.90926,0.080382,-1.4583,1.1139,-1.1828,-1.6425,-3.6023
-0.89504,0.07525,-1.4695,1.1018,-1.1824,-1.6474,-3.5982
-0.88073,0.070314,-1.4806,1.0896,-1.182,-1.6522,-3.5939
-0.86633,0.065576,-1.4915,1.0772,-1.1816,-1.6568,-3.5894
-0.85185,0.061035,-1.5021,1.0647,-1.1813,-1.6614,-3.5847
-0.83729,0.056691,-1.5126,1.052,-1.1811,-1.6658,-3.5798
-0.82266,0.052545,-1.5228,1.0391,-1.1809,-1.6701,-3.5747
-0.80796,0.048596,-1.5329,1.0261,-1.1808,-1.6743,-3.5694
-0.79319,0.044844,-1.5427,1.013,-1.1807,-1.6784,-3.564
-0.77835,0.04129,-1.5523,0.99964,-1.1807,-1.6824,-3.5583
-0.76346,0.037933,-1.5618,0.98619,-1.1807,-1.6862,-3.5525
-0.7485,0.034773,-1.571,0.9726,-1.1807,-1.6899,-3.5465
-0.7335,0.031809,-1.58,0.95887,-1.1808,-1.6935,-3.5403
-0.71844,0.029041,-1.5888,0.945,-1.181,-1.697,-3.5339
-0.70334,0.02647,-1.5974,0.931,-1.1811,-1.7003,-3.5274
-0.6882,0.024093,-1.6058,0.91687,-1.1814,-1.7035,-3.5207
-0.67301,0.021911,-1.614,0.90262,-1.1816,-1.7066,-3.5139
-0.6578,0.019922,-1.622,0.88824,-1.1819,-1.7096,-3.5068
-0.64255,0.018127,-1.6297,0.87374,-1.1823,-1.7125,-3.4997
-0.62727,0.016524,-1.6373,0.85913,-1.1826,-1.7153,-3.4923
-0.61197,0.015113,-1.6447,0.8444,-1.183,-1.7179,-3.4849
-0.59665,0.013892,-1.6518,0.82956,-1.1834,-1.7204,-3.4773
-0.58131,0.012861,-1.6588,0.81462,-1.1839,-1.7228,-3.4695
-0.56596,0.012018,-1.6655,0.79957,-1.1844,-1.7251,-3.4616
-0.5506,0.011363,-1.6721,0.78442,-1.1849,-1.7272,-3.4536
-0.53524,0.010894,-1.6785,0.76918,-1.1854,-1.7293,-3.4454
-0.51987,0.010609,-1.6846,0.75384,-1.186,-1.7312,-3.4371
-0.50451,0.010508,-1.6906,0.73842,-1.1866,-1.733,-3.4287
-0.48916,0.010589,-1.6963,0.7229,-1.1872,-1.7347,-3.4202
-0.47381,0.010851,-1.7019,0.70731,-1.1878,-1.7363,-3.4115
-0.45848,0.011293,-1.7072,0.69164,-1.1884,-1.7378,-3.4027
-0.44316,0.011911,-1.7124,0.67589,-1.189,-1.7391,-3.3939
-0.42787,0.012706,-1.7173,0.66006,-1.1897,-1.7404,-3.3849
-0.4126,0.013675,-1.7221,0.64417,-1.1903,-1.7415,-3.3758
-0.39737,0.014816,-1.7267,0.62822,-1.191,-1.7425,-3.3666
-0.38216,0.016128,-1.7311,0.6122,-1.1917,-1.7435,-3.3573
-0.36699,0.017609,-1.7353,0.59613,-1.1923,-1.7443,-3.3479
-0.35187,0.019256,-1.7393,0.58,-1.193,-1.7449,-3.3385
-0.33678,0.021069,-1.7431,0.56383,-1.1937,-1.7455,-3.3289
-0.32175,0.023044,-1.7467,0.5476,-1.1943,-1.746,-3.3193
-0.30676,0.02518,-1.7502,0.53134,-1.195,-1.7464,-3.3096
-0.29183,0.027474,-1.7535,0.51503,-1.1956,-1.7466,-3.2998
-0.27697,0.029925,-1.7566,0.4987,-1.1963,-1.7468,-3.29
-0.26216,0.032529,-1.7595,0.48233,-1.1969,-1.7468,-3.2801
-0.24742,0.035285,-1.7622,0.46593,-1.1975,-1.7468,-3.2701
-0.23275,0.038191,-1.7648,0.44951,-1.1981,-1.7466,-3.2601
-0.21816,0.041243,-1.7672,0.43306,-1.1987,-1.7464,-3.25
-0.20364,0.044439,-1.7694,0.41661,-1.1992,-1.746,-3.2399
-0.1892,0.047778,-1.7714,0.40014,-1.1997,-1.7456,-3.2297
-0.17485,0.051255,-1.7733,0.38366,-1.2002,-1.745,-3.2195
-0.16059,0.054869,-1.775,0.36718,-1.2007,-1.7444,-3.2093
-0.14642,0.058617,-1.7766,0.35069,-1.2012,-1.7436,-3.199
-0.13234,0.062496,-1.778,0.33421,-1.2016,-1.7428,-3.1887
-0.11837,0.066504,-1.7792,0.31774,-1.2019,-1.7419,-3.1783
-0.10449,0.070637,-1.7803,0.30127,-1.2023,-1.7408,-3.1679
-0.090724,0.074893,-1.7812,0.28483,-1.2026,-1.7397,-3.1576
-0.077066,0.079268,-1.7819,0.2684,-1.2028,-1.7385,-3.1472
-0.063522,0.083761,-1.7826,0.25199,-1.2031,-1.7372,-3.1367
-0.050093,0.088367,-1.783,0.23561,-1.2032,-1.7358,-3.1263
-0.036785,0.093084,-1.7834,0.21925,-1.2033,-1.7343,-3.1159
-0.023599,0.097909,-1.7835,0.20293,-1.2034,-1.7328,-3.1055
-0.01054,0.10284,-1.7836,0.18665,-1.2034,-1.7311,-3.095
0.0023898,0.10787,-1.7835,0.17041,-1.2034,-1.7294,-3.0846
0.015187,0.113,-1.7832,0.15422,-1.2033,-1.7276,-3.0742
0.027847,0.11823,-1.7829,0.13807,-1.2031,-1.7257,-3.0638
0.040369,0.12354,-1.7824,0.12198,-1.2029,-1.7237,-3.0534
0.052748,0.12895,-1.7818,0.10594,-1.2026,-1.7216,-3.0431
0.064981,0.13444,-1.781,0.089962,-1.2022,-1.7195,-3.0328
0.077066,0.14001,-1.7801,0.074048,-1.2018,-1.7173,-3.0225
0.089,0.14566,-1.7792,0.058201,-1.2013,-1.715,-3.0122
0.10078,0.15139,-1.778,0.042425,-1.2007,-1.7126,-3.002
0.1124,0.15719,-1.7768,0.026724,-1.2001,-1.7102,-2.9918
0.12386,0.16306,-1.7755,0.011101,-1.1994,-1.7077,-2.9816
0.13516,0.16899,-1.774,-0.0044395,-1.1986,-1.7051,-2.9715
0.14629,0.17498,-1.7725,-0.019895,-1.1977,-1.7025,-2.9615
0.15725,0.18104,-1.7709,-0.035261,-1.1967,-1.6998,-2.9515
0.16805,0.18714,-1.7691,-0.050535,-1.1956,-1.697,-2.9415
0.17866,0.1933,-1.7673,-0.065712,-1.1945,-1.6942,-2.9316
0.18911,0.19951,-1.7653,-0.08079,-1.1932,-1.6913,-2.9218
0.19937,0.20576,-1.7633,-0.095764,-1.1919,-1.6883,-2.912
0.20945,0.21205,-1.7612,-0.11063,-1.1904,-1.6853,-2.9023
0.21934,0.21837,-1.7589,-0.12539,-1.1889,-1.6822,-2.8927
0.22905,0.22473,-1.7567,-0.14003,-1.1873,-1.679,-2.8832
0.23857,0.23112,-1.7543,-0.15456,-1.1855,-1.6758,-2.8737
0.2479,0.23754,-1.7518,-0.16897,-1.1837,-1.6726,-2.8643
0.25703,0.24398,-1.7493,-0.18325,-1.1817,-1.6693,-2.855
0.26597,0.25043,-1.7467,-0.19741,-1.1797,-1.6659,-2.8458
0.27471,0.2569,-1.7441,-0.21144,-1.1775,-1.6625,-2.8366
0.28325,0.26339,-1.7413,-0.22533,-1.1752,-1.6591,-2.8276
0.29159,0.26988,-1.7385,-0.23909,-1.1728,-1.6556,-2.8187
0.29972,0.27637,-1.7357,-0.25271,-1.1703,-1.652,-2.8098
0.30764,0.28287,-1.7328,-0.26619,-1.1677,-1.6484,-2.8011
0.31536,0.28936,-1.7298,-0.27952,-1.1649,-1.6448,-2.7924
0.32287,0.29584,-1.7268,-0.2927,-1.162,-1.6411,-2.7839
0.33017,0.30232,-1.7238,-0.30573,-1.159,-1.6374,-2.7755
0.33725,0.30878,-1.7207,-0.31861,-1.1559,-1.6336,-2.7671
0.34412,0.31522,-1.7175,-0.33133,-1.1526,-1.6298,-2.7589
0.35077,0.32164,-1.7143,-0.34389,-1.1492,-1.626,-2.7509
0.3572,0.32804,-1.7111,-0.35629,-1.1457,-1.6221,-2.7429
0.36341,0.33441,-1.7079,-0.36852,-1.1421,-1.6182,-2.735
0.3694,0.34074,-1.7046,-0.38058,-1.1383,-1.6142,-2.7273
0.37517,0.34704,-1.7013,-0.39247,-1.1344,-1.6103,-2.7197
0.38071,0.3533,-1.698,-0.40419,-1.1303,-1.6063,-2.7122
0.38603,0.35952,-1.6946,-0.41574,-1.1261,-1.6023,-2.7049
0.39112,0.36569,-1.6913,-0.4271,-1.1218,-1.5982,-2.6976
0.39598,0.3718,-1.6879,-0.43828,-1.1173,-1.5941,-2.6905
0.40062,0.37787,-1.6845,-0.44928,-1.1127,-1.59,-2.6836
0.40502,0.38388,-1.6811,-0.46009,-1.1079,-1.5859,-2.6768
0.40919,0.38983,-1.6777,-0.47072,-1.103,-1.5817,-2.6701
0.41314,0.39571,-1.6743,-0.48115,-1.0979,-1.5776,-2.6636
0.41685,0.40153,-1.6709,-0.49139,-1.0927,-1.5734,-2.6571
0.42032,0.40728,-1.6675,-0.50144,-1.0873,-1.5692,-2.6509
0.42357,0.41295,-1.664,-0.51129,-1.0818,-1.565,-2.6448
0.42658,0.41854,-1.6606,-0.52094,-1.0762,-1.5607,-2.6388
0.42935,0.42406,-1.6573,-0.53039,-1.0703,-1.5565,-2.633
0.43189,0.42949,-1.6539,-0.53964,-1.0644,-1.5522,-2.6273
0.43419,0.43483,-1.6505,-0.54868,-1.0582,-1.548,-2.6218
0.43625,0.44008,-1.6472,-0.55752,-1.0519,-1.5437,-2.6164
0.43808,0.44524,-1.6439,-0.56614,-1.0455,-1.5394,-2.6112
0.43967,0.4503,-1.6406,-0.57456,-1.0389,-1.5351,-2.6061
0.44103,0.45526,-1.6373,-0.58276,-1.0321,-1.5308,-2.6012
0.44214,0.46012,-1.6341,-0.59075,-1.0252,-1.5265,-2.5964
0.44302,0.46487,-1.6309,-0.59853,-1.0181,-1.5222,-2.5918
0.44366,0.46951,-1.6277,-0.60609,-1.0109,-1.5179,-2.5874
0.44407,0.47404,-1.6245,-0.61343,-1.0035,-1.5136,-2.5831
0.44424,0.47845,-1.6214,-0.62055,-0.9959,-1.5092,-2.5789
0.44417,0.48275,-1.6184,-0.62746,-0.98817,-1.5049,-2.575
0.44386,0.48692,-1.6154,-0.63414,-0.98027,-1.5006,-2.5711
0.44332,0.49097,-1.6124,-0.64059,-0.97221,-1.4963,-2.5675
0.44254,0.4949,-1.6095,-0.64683,-0.96398,-1.492,-2.564
0.44152,0.49869,-1.6066,-0.65283,-0.95559,-1.4877,-2.5606
0.44028,0.50236,-1.6038,-0.65862,-0.94704,-1.4834,-2.5575
0.43879,0.50588,-1.601,-0.66417,-0.93831,-1.4792,-2.5544
0.43707,0.50928,-1.5983,-0.6695,-0.92943,-1.4749,-2.5516
0.43512,0.51253,-1.5957,-0.67459,-0.92037,-1.4706,-2.5489
0.43294,0.51564,-1.5931,-0.67946,-0.91115,-1.4664,-2.5464
0.43053,0.5186,-1.5905,-0.6841,-0.90177,-1.4621,-2.544
0.42788,0.52142,-1.5881,-0.6885,-0.89221,-1.4579,-2.5418
0.42501,0.52409,-1.5857,-0.69268,-0.8825,-1.4537,-2.5397
0.42191,0.5266,-1.5834,-0.69662,-0.87261,-1.4495,-2.5378
0.41857,0.52897,-1.5811,-0.70033,-0.86256,-1.4453,-2.5361
0.41502,0.53117,-1.5789,-0.70381,-0.85235,-1.4411,-2.5345
0.41124,0.53322,-1.5768,-0.70705,-0.84197,-1.437,-2.5331
0.40723,0.53511,-1.5748,-0.71006,-0.83142,-1.4329,-2.5318
0.403,0.53683,-1.5728,-0.71284,-0.82071,-1.4287,-2.5307
0.39855,0.53839,-1.5709,-0.71538,-0.80984,-1.4247,-2.5298
0.39388,0.53979,-1.5691,-0.71769,-0.7988,-1.4206,-2.529
0.38899,0.54102,-1.5674,-0.71976,-0.7876,-1.4165,-2.5283
0.38389,0.54208,-1.5658,-0.7216,-0.77624,-1.4125,-2.5279
0.37857,0.54296,-1.5642,-0.72321,-0.76472,-1.4085,-2.5275
0.37304,0.54367,-1.5628,-0.72458,-0.75303,-1.4045,-2.5274
0.36729,0.54421,-1.5614,-0.72572,-0.74118,-1.4006,-2.5274
0.36134,0.54458,-1.5601,-0.72663,-0.72918,-1.3966,-2.5275
0.35517,0.54476,-1.5589,-0.7273,-0.71701,-1.3927,-2.5278
0.3488,0.54477,-1.5578,-0.72774,-0.70469,-1.3888,-2.5282
0.34223,0.54459,-1.5568,-0.72795,-0.69221,-1.385,-2.5288
0.33545,0.54423,-1.5558,-0.72793,-0.67958,-1.3812,-2.5295
0.32848,0.54369,-1.555,-0.72768,-0.66679,-1.3774,-2.5304
0.3213,0.54297,-1.5543,-0.7272,-0.65384,-1.3736,-2.5314
0.31393,0.54206,-1.5536,-0.72648,-0.64075,-1.3699,-2.5325
0.30637,0.54097,-1.5531,-0.72554,-0.6275,-1.3662,-2.5338
0.29861,0.53968,-1.5527,-0.72438,-0.6141,-1.3625,-2.5352
0.29067,0.53821,-1.5523,-0.72298,-0.60055,-1.3588,-2.5368
0.28253,0.53655,-1.5521,-0.72136,-0.58686,-1.3552,-2.5385
0.27422,0.53471,-1.5519,-0.71952,-0.57302,-1.3516,-2.5404
0.26572,0.53267,-1.5519,-0.71745,-0.55904,-1.3481,-2.5423
0.25704,0.53044,-1.5519,-0.71516,-0.54491,-1.3446,-2.5444
0.24819,0.52801,-1.5521,-0.71264,-0.53064,-1.3411,-2.5466
0.23916,0.5254,-1.5523,-0.70991,-0.51623,-1.3376,-2.549
0.22996,0.52259,-1.5527,-0.70696,-0.50168,-1.3342,-2.5515
0.22059,0.5196,-1.5532,-0.70379,-0.487,-1.3308,-2.5541
0.21105,0.5164,-1.5537,-0.7004,-0.47218,-1.3274,-2.5568
0.20135,0.51302,-1.5544,-0.6968,-0.45723,-1.3241,-2.5596
0.19149,0.50944,-1.5552,-0.69299,-0.44215,-1.3208,-2.5626
0.18147,0.50567,-1.556,-0.68897,-0.42694,-1.3176,-2.5656
0.17129,0.5017,-1.557,-0.68473,-0.4116,-1.3144,-2.5688
0.16097,0.49754,-1.5581,-0.68029,-0.39614,-1.3112,-2.5721
0.15049,0.49319,-1.5593,-0.67564,-0.38056,-1.3081,-2.5754
0.13987,0.48864,-1.5606,-0.67079,-0.36485,-1.3049,-2.5789
0.1291,0.4839,-1.562,-0.66574,-0.34902,-1.3019,-2.5825
0.1182,0.47897,-1.5634,-0.66048,-0.33308,-1.2988,-2.5862
0.10715,0.47385,-1.565,-0.65503,-0.31703,-1.2958,-2.59
0.095976,0.46853,-1.5667,-0.64937,-0.30086,-1.2929,-2.5939
0.084668,0.46302,-1.5685,-0.64353,-0.28458,-1.2899,-2.5978
0.073232,0.45733,-1.5704,-0.63749,-0.2682,-1.287,-2.6019
0.061672,0.45144,-1.5724,-0.63126,-0.25171,-1.2842,-2.606
0.049991,0.44536,-1.5745,-0.62484,-0.23511,-1.2813,-2.6102
0.038192,0.4391,-1.5767,-0.61824,-0.21842,-1.2785,-2.6145
0.026278,0.43264,-1.579,-0.61145,-0.20163,-1.2758,-2.6189
0.014253,0.426,-1.5814,-0.60448,-0.18475,-1.2731,-2.6233
0.0021195,0.41918,-1.5839,-0.59733,-0.16777,-1.2704,-2.6279
-0.010118,0.41217,-1.5865,-0.59,-0.1507,-1.2677,-2.6324
-0.022457,0.40497,-1.5892,-0.5825,-0.13355,-1.2651,-2.6371
-0.034894,0.3976,-1.5919,-0.57483,-0.11631,-1.2625,-2.6418
-0.047425,0.39004,-1.5948,-0.56699,-0.098988,-1.26,-2.6466
-0.060047,0.3823,-1.5978,-0.55898,-0.081589,-1.2575,-2.6514
-0.072756,0.37438,-1.6008,-0.55081,-0.064114,-1.255,-2.6563
-0.08555,0.36629,-1.604,-0.54248,-0.046566,-1.2525,-2.6612
-0.098424,0.35802,-1.6072,-0.53399,-0.028947,-1.2501,-2.6662
-0.11137,0.34958,-1.6105,-0.52534,-0.011262,-1.2477,-2.6712
-0.1244,0.34096,-1.6139,-0.51654,0.0064883,-1.2454,-2.6762
-0.13749,0.33218,-1.6174,-0.50759,0.0243,-1.2431,-2.6813
-0.15065,0.32322,-1.621,-0.49849,0.04217,-1.2408,-2.6864
-0.16387,0.3141,-1.6247,-0.48925,0.060095,-1.2385,-2.6916
-0.17716,0.30481,-1.6284,-0.47986,0.078073,-1.2363,-2.6968
-0.19049,0.29536,-1.6322,-0.47034,0.0961,-1.2341,-2.702
-0.20388,0.28575,-1.6361,-0.46068,0.11417,-1.232,-2.7072
-0.21732,0.27598,-1.6401,-0.45089,0.13229,-1.2298,-2.7124
-0.2308,0.26605,-1.6442,-0.44097,0.15044,-1.2277,-2.7177
-0.24432,0.25597,-1.6483,-0.43092,0.16864,-1.2257,-2.7229
-0.25788,0.24573,-1.6525,-0.42074,0.18686,-1.2236,-2.7282
-0.27148,0.23534,-1.6568,-0.41045,0.20512,-1.2216,-2.7335
-0.2851,0.22481,-1.6611,-0.40004,0.2234,-1.2196,-2.7388
-0.29875,0.21412,-1.6655,-0.38951,0.24171,-1.2176,-2.744
-0.31243,0.2033,-1.67,-0.37887,0.26004,-1.2157,-2.7493
-0.32612,0.19233,-1.6745,-0.36813,0.27838,-1.2138,-2.7545
-0.33983,0.18123,-1.6791,-0.35728,0.29674,-1.2119,-2.7598
-0.35355,0.16998,-1.6837,-0.34633,0.31511,-1.21,-2.765
-0.36728,0.15861,-1.6884,-0.33528,0.33349,-1.2082,-2.7702
-0.38101,0.1471,-1.6932,-0.32413,0.35187,-1.2064,-2.7754
-0.39474,0.13547,-1.698,-0.31289,0.37025,-1.2046,-2.7806
-0.40848,0.12371,-1.7029,-0.30157,0.38862,-1.2028,-2.7857
-0.4222,0.11182,-1.7078,-0.29015,0.407,-1.201,-2.7908
-0.43592,0.099821,-1.7127,-0.27866,0.42536,-1.1993,-2.7958
-0.44962,0.087701,-1.7177,-0.26709,0.4437,-1.1976,-2.8008
-0.46331,0.075468,-1.7228,-0.25544,0.46204,-1.1959,-2.8058
-0.47697,0.063123,-1.7279,-0.24372,0.48035,-1.1942,-2.8107
-0.49061,0.05067,-1.733,-0.23193,0.49864,-1.1926,-2.8156
-0.50423,0.038112,-1.7381,-0.22008,0.5169,-1.1909,-2.8204
-0.51781,0.025452,-1.7433,-0.20817,0.53513,-1.1893,-2.8252
-0.53136,0.012693,-1.7486,-0.19619,0.55333,-1.1877,-2.8299
-0.54487,-0.00016162,-1.7538,-0.18417,0.57149,-1.1861,-2.8345
-0.55834,-0.013109,-1.7591,-0.17208,0.5896,-1.1845,-2.8391
-0.57177,-0.026146,-1.7644,-0.15996,0.60768,-1.1829,-2.8436
-0.58515,-0.039268,-1.7697,-0.14778,0.62571,-1.1813,-2.848
-0.59847,-0.052474,-1.775,-0.13557,0.64368,-1.1798,-2.8524
-0.61174,-0.065759,-1.7804,-0.12332,0.66161,-1.1783,-2.8567
-0.62495,-0.079121,-1.7857,-0.11103,0.67947,-1.1767,-2.8609
-0.63811,-0.092555,-1.7911,-0.09871,0.69727,-1.1752,-2.865
-0.65119,-0.10606,-1.7965,-0.086364,0.71501,-1.1737,-2.869
-0.66421,-0.11963,-1.8019,-0.073993,0.73268,-1.1722,-2.8729
-0.67716,-0.13326,-1.8073,-0.061601,0.75028,-1.1707,-2.8768
-0.69003,-0.14695,-1.8127,-0.049191,0.7678,-1.1692,-2.8805
-0.70282,-0.1607,-1.8181,-0.036767,0.78525,-1.1677,-2.8841
-0.71554,-0.1745,-1.8234,-0.024332,0.80261,-1.1662,-2.8877
-0.72817,-0.18835,-1.8288,-0.01189,0.81989,-1.1647,-2.8911
-0.74071,-0.20224,-1.8342,0.00055729,0.83708,-1.1632,-2.8944
-0.75316,-0.21618,-1.8396,0.013005,0.85418,-1.1617,-2.8976
-0.76552,-0.23015,-1.8449,0.02545,0.87118,-1.1602,-2.9007
-0.77779,-0.24416,-1.8502,0.03789,0.88809,-1.1588,-2.9037
-0.78995,-0.2582,-1.8555,0.05032,0.90489,-1.1573,-2.9065
-0.80201,-0.27226,-1.8608,0.062738,0.92159,-1.1558,-2.9092
-0.81397,-0.28635,-1.866,0.075141,0.93818,-1.1543,-2.9118
-0.82582,-0.30046,-1.8713,0.087525,0.95466,-1.1528,-2.9143
-0.83756,-0.31459,-1.8765,0.099886,0.97102,-1.1513,-2.9166
-0.84918,-0.32873,-1.8816,0.11222,0.98727,-1.1498,-2.9188
-0.86069,-0.34287,-1.8868,0.12453,1.0034,-1.1483,-2.9209
-0.87209,-0.35703,-1.8918,0.13681,1.0194,-1.1467,-2.9228
-0.88336,-0.37118,-1.8969,0.14905,1.0353,-1.1452,-2.9246
-0.8945,-0.38533,-1.9019,0.16125,1.051,-1.1436,-2.9262
-0.90552,-0.39948,-1.9068,0.17341,1.0666,-1.1421,-2.9277
-0.91641,-0.41362,-1.9117,0.18553,1.0821,-1.1405,-2.9291
-0.92717,-0.42774,-1.9166,0.1976,1.0974,-1.1389,-2.9303
-0.93779,-0.44185,-1.9214,0.20962,1.1126,-1.1373,-2.9313
-0.94828,-0.45594,-1.9261,0.22159,1.1277,-1.1357,-2.9322
-0.95863,-0.47,-1.9308,0.2335,1.1426,-1.1341,-2.9329
-0.96884,-0.48404,-1.9354,0.24535,1.1573,-1.1325,-2.9335
-0.97891,-0.49805,-1.9399,0.25714,1.1719,-1.1308,-2.9339
-0.98883,-0.51202,-1.9444,0.26887,1.1864,-1.1291,-2.9341
-0.9986,-0.52595,-1.9488,0.28052,1.2006,-1.1275,-2.9342
-1.0082,-0.53984,-1.9532,0.29211,1.2147,-1.1257,-2.9341
-1.0177,-0.55368,-1.9574,0.30362,1.2287,-1.124,-2.9338
-1.027,-0.56748,-1.9616,0.31506,1.2425,-1.1223,-2.9334
-1.0362,-0.58122,-1.9657,0.32642,1.2561,-1.1205,-2.9327
-1.0452,-0.59491,-1.9697,0.33769,1.2695,-1.1187,-2.932
-1.054,-0.60853,-1.9737,0.34888,1.2828,-1.1169,-2.931
-1.0627,-0.6221,-1.9775,0.35998,1.2959,-1.115,-2.9298
-1.0712,-0.63559,-1.9813,0.371,1.3088,-1.1131,-2.9285
-1.0796,-0.64902,-1.9849,0.38192,1.3215,-1.1112,-2.927
-1.0878,-0.66237,-1.9885,0.39275,1.3341,-1.1093,-2.9253
-1.0958,-0.67564,-1.992,0.40348,1.3464,-1.1074,-2.9235
-1.1036,-0.68883,-1.9953,0.41411,1.3586,-1.1054,-2.9214
-1.1113,-0.70194,-1.9986,0.42463,1.3706,-1.1034,-2.9191
-1.1188,-0.71496,-2.0018,0.43506,1.3823,-1.1013,-2.9167
-1.1262,-0.7279,-2.0048,0.44537,1.3939,-1.0993,-2.9141
-1.1333,-0.74073,-2.0078,0.45558,1.4053,-1.0972,-2.9113
-1.1403,-0.75347,-2.0106,0.46567,1.4165,-1.095,-2.9083
-1.1471,-0.76611,-2.0133,0.47566,1.4275,-1.0929,-2.9051
-1.1537,-0.77864,-2.0159,0.48552,1.4383,-1.0907,-2.9017
-1.1602,-0.79107,-2.0184,0.49527,1.4488,-1.0885,-2.8981
-1.1665,-0.80339,-2.0208,0.5049,1.4592,-1.0862,-2.8943
-1.1725,-0.81559,-2.0231,0.51441,1.4693,-1.0839,-2.8903
-1.1784,-0.82768,-2.0252,0.52379,1.4793,-1.0816,-2.8862
-1.1841,-0.83965,-2.0272,0.53305,1.489,-1.0792,-2.8818
-1.1897,-0.85149,-2.0291,0.54218,1.4985,-1.0768,-2.8772
-1.195,-0.86322,-2.0308,0.55117,1.5078,-1.0743,-2.8725
-1.2002,-0.87481,-2.0324,0.56004,1.5169,-1.0718,-2.8675
-1.2052,-0.88627,-2.0339,0.56878,1.5258,-1.0693,-2.8623
-1.2099,-0.89759,-2.0353,0.57738,1.5344,-1.0668,-2.857
-1.2145,-0.90878,-2.0365,0.58584,1.5428,-1.0642,-2.8514
-1.2189,-0.91983,-2.0376,0.59416,1.551,-1.0615,-2.8456
-1.2232,-0.93074,-2.0385,0.60235,1.559,-1.0588,-2.8397
-1.2272,-0.9415,-2.0393,0.61039,1.5667,-1.0561,-2.8335
-1.231,-0.95212,-2.0399,0.61829,1.5743,-1.0533,-2.8272
-1.2347,-0.96258,-2.0404,0.62605,1.5815,-1.0505,-2.8206
-1.2381,-0.9729,-2.0408,0.63366,1.5886,-1.0477,-2.8138
-1.2414,-0.98305,-2.041,0.64113,1.5954,-1.0448,-2.8069
-1.2445,-0.99305,-2.0411,0.64844,1.602,-1.0418,-2.7997
-1.2473,-1.0029,-2.041,0.65561,1.6084,-1.0389,-2.7924
-1.25,-1.0126,-2.0408,0.66263,1.6145,-1.0358,-2.7848
-1.2525,-1.0221,-2.0404,0.66949,1.6204,-1.0328,-2.777
-1.2549,-1.0314,-2.0398,0.6762,1.6261,-1.0296,-2.7691
-1.257,-1.0406,-2.0391,0.68276,1.6315,-1.0265,-2.7609
-1.2589,-1.0496,-2.0383,0.68917,1.6367,-1.0233,-2.7526
-1.2606,-1.0584,-2.0373,0.69541,1.6417,-1.02,-2.7441
-1.2622,-1.0671,-2.0361,0.70151,1.6464,-1.0167,-2.7353
-1.2636,-1.0756,-2.0348,0.70744,1.6509,-1.0134,-2.7264
-1.2647,-1.0839,-2.0333,0.71322,1.6551,-1.01,-2.7173
-1.2657,-1.092,-2.0317,0.71883,1.6591,-1.0066,-2.7079
-1.2665,-1.0999,-2.0299,0.72429,1.6629,-1.0031,-2.6984
-1.2671,-1.1077,-2.0279,0.72959,1.6664,-0.99954,-2.6887
-1.2675,-1.1152,-2.0258,0.73473,1.6697,-0.99596,-2.6788
-1.2678,-1.1226,-2.0235,0.7397,1.6728,-0.99233,-2.6687
-1.2678,-1.1298,-2.021,0.74452,1.6756,-0.98866,-2.6585
-1.2677,-1.1368,-2.0184,0.74917,1.6782,-0.98493,-2.648
-1.2673,-1.1436,-2.0156,0.75366,1.6805,-0.98117,-2.6374
-1.2668,-1.1502,-2.0127,0.75799,1.6826,-0.97735,-2.6266
-1.2661,-1.1566,-2.0096,0.76215,1.6845,-0.97348,-2.6155
-1.2653,-1.1628,-2.0063,0.76615,1.6861,-0.96957,-2.6044
-1.2642,-1.1689,-2.0028,0.76999,1.6875,-0.96561,-2.593
-1.263,-1.1747,-1.9992,0.77367,1.6887,-0.9616,-2.5814
-1.2616,-1.1803,-1.9954,0.77718,1.6896,-0.95755,-2.5697
-1.26,-1.1857,-1.9915,0.78052,1.6903,-0.95344,-2.5578
-1.2582,-1.1909,-1.9874,0.78371,1.6908,-0.94929,-2.5458
-1.2563,-1.196,-1.9831,0.78673,1.691,-0.94509,-2.5335
-1.2542,-1.2008,-1.9786,0.78959,1.691,-0.94084,-2.5211
-1.2519,-1.2054,-1.974,0.79228,1.6907,-0.93655,-2.5085
-1.2494,-1.2098,-1.9692,0.79481,1.6902,-0.93221,-2.4958
-1.2468,-1.214,-1.9643,0.79718,1.6895,-0.92782,-2.4829
-1.244,-1.218,-1.9591,0.79939,1.6886,-0.92339,-2.4698
-1.2411,-1.2218,-1.9539,0.80144,1.6874,-0.9189,-2.4566
-1.2379,-1.2253,-1.9484,0.80332,1.686,-0.91438,-2.4432
-1.2347,-1.2287,-1.9428,0.80504,1.6844,-0.9098,-2.4297
-1.2312,-1.2319,-1.937,0.8066,1.6825,-0.90518,-2.416
-1.2276,-1.2348,-1.9311,0.80801,1.6805,-0.90051,-2.4021
-1.2238,-1.2376,-1.925,0.80925,1.6782,-0.8958,-2.3881
-1.2199,-1.2401,-1.9187,0.81034,1.6756,-0.89105,-2.374
-1.2158,-1.2424,-1.9122,0.81126,1.6729,-0.88625,-2.3597
-1.2116,-1.2445,-1.9056,0.81203,1.6699,-0.8814,-2.3453
-1.2072,-1.2465,-1.8989,0.81265,1.6668,-0.87651,-2.3307
-1.2027,-1.2482,-1.892,0.81311,1.6634,-0.87158,-2.316
-1.198,-1.2496,-1.8849,0.81341,1.6598,-0.8666,-2.3012
-1.1932,-1.2509,-1.8777,0.81356,1.6559,-0.86158,-2.2862
-1.1882,-1.252,-1.8703,0.81356,1.6519,-0.85652,-2.2711
-1.1831,-1.2529,-1.8627,0.8134,1.6477,-0.85142,-2.2559
-1.1778,-1.2535,-1.855,0.8131,1.6432,-0.84627,-2.2406
-1.1724,-1.254,-1.8471,0.81264,1.6386,-0.84109,-2.2251
-1.1669,-1.2543,-1.8391,0.81204,1.6337,-0.83586,-2.2095
-1.1612,-1.2543,-1.831,0.81129,1.6286,-0.83059,-2.1938
-1.1554,-1.2541,-1.8226,0.81039,1.6234,-0.82529,-2.178
-1.1495,-1.2538,-1.8142,0.80935,1.6179,-0.81994,-2.1621
-1.1435,-1.2532,-1.8056,0.80816,1.6123,-0.81456,-2.146
-1.1373,-1.2525,-1.7968,0.80684,1.6064,-0.80914,-2.1299
-1.131,-1.2515,-1.7879,0.80537,1.6004,-0.80368,-2.1136
-1.1246,-1.2503,-1.7788,0.80376,1.5941,-0.79819,-2.0973
-1.118,-1.2489,-1.7696,0.80201,1.5877,-0.79266,-2.0809
-1.1114,-1.2474,-1.7603,0.80013,1.5811,-0.78709,-2.0643
-1.1046,-1.2456,-1.7508,0.79811,1.5743,-0.78149,-2.0477
-1.0977,-1.2437,-1.7412,0.79596,1.5674,-0.77586,-2.031
-1.0908,-1.2415,-1.7315,0.79368,1.5602,-0.77019,-2.0142
-1.0837,-1.2392,-1.7216,0.79126,1.5529,-0.76449,-1.9974
-1.0765,-1.2366,-1.7116,0.78872,1.5454,-0.75876,-1.9804
-1.0692,-1.2339,-1.7014,0.78605,1.5378,-0.753,-1.9634
-1.0618,-1.231,-1.6912,0.78325,1.5299,-0.74721,-1.9463
-1.0543,-1.2279,-1.6808,0.78033,1.5219,-0.74139,-1.9291
-1.0467,-1.2246,-1.6702,0.77729,1.5138,-0.73554,-1.9119
-1.039,-1.2211,-1.6596,0.77413,1.5055,-0.72966,-1.8946
-1.0312,-1.2174,-1.6488,0.77085,1.497,-0.72375,-1.8773
-1.0234,-1.2136,-1.6379,0.76745,1.4884,-0.71782,-1.8599
-1.0154,-1.2096,-1.6269,0.76394,1.4796,-0.71186,-1.8424
-1.0074,-1.2054,-1.6158,0.76031,1.4706,-0.70588,-1.8249
-0.99928,-1.201,-1.6046,0.75657,1.4616,-0.69987,-1.8073
-0.99109,-1.1965,-1.5932,0.75272,1.4523,-0.69385,-1.7897
-0.98283,-1.1918,-1.5818,0.74877,1.443,-0.68779,-1.7721
-0.9745,-1.1869,-1.5702,0.74471,1.4335,-0.68172,-1.7544
-0.9661,-1.1818,-1.5586,0.74055,1.4239,-0.67563,-1.7367
-0.95764,-1.1766,-1.5468,0.73628,1.4141,-0.66952,-1.719
-0.9491,-1.1712,-1.535,0.73192,1.4042,-0.66339,-1.7012
-0.94051,-1.1657,-1.523,0.72745,1.3942,-0.65724,-1.6834
-0.93186,-1.16,-1.511,0.7229,1.384,-0.65107,-1.6656
-0.92315,-1.1541,-1.4988,0.71825,1.3738,-0.64489,-1.6478
-0.91438,-1.1481,-1.4866,0.7135,1.3634,-0.63869,-1.63
-0.90557,-1.142,-1.4743,0.70867,1.3529,-0.63248,-1.6121
-0.8967,-1.1357,-1.4619,0.70375,1.3423,-0.62626,-1.5942
-0.88779,-1.1292,-1.4494,0.69875,1.3316,-0.62002,-1.5764
-0.87884,-1.1226,-1.4369,0.69366,1.3207,-0.61378,-1.5585
-0.86984,-1.1159,-1.4243,0.6885,1.3098,-0.60752,-1.5406
-0.8608,-1.109,-1.4115,0.68325,1.2988,-0.60125,-1.5228
-0.85173,-1.102,-1.3988,0.67793,1.2877,-0.59498,-1.5049
-0.84262,-1.0948,-1.3859,0.67253,1.2765,-0.5887,-1.4871
-0.83349,-1.0875,-1.373,0.66706,1.2652,-0.58241,-1.4692
-0.82432,-1.0801,-1.3601,0.66152,1.2538,-0.57612,-1.4514
-0.81513,-1.0726,-1.347,0.65592,1.2423,-0.56982,-1.4336
-0.80591,-1.0649,-1.3339,0.65024,1.2308,-0.56352,-1.4159
-0.79667,-1.0572,-1.3208,0.64451,1.2192,-0.55722,-1.3981
-0.78741,-1.0493,-1.3076,0.63871,1.2075,-0.55091,-1.3804
-0.77813,-1.0412,-1.2944,0.63286,1.1957,-0.54461,-1.3627
-0.76885,-1.0331,-1.2811,0.62694,1.1839,-0.5383,-1.3451
-0.75954,-1.0249,-1.2677,0.62098,1.172,-0.532,-1.3275
-0.75023,-1.0165,-1.2544,0.61496,1.1601,-0.5257,-1.3099
-0.74092,-1.0081,-1.241,0.60889,1.1481,-0.5194,-1.2924
-0.73159,-0.99956,-1.2275,0.60277,1.136,-0.51311,-1.2749
-0.72227,-0.99092,-1.214,0.59661,1.1239,-0.50683,-1.2575
-0.71295,-0.98219,-1.2005,0.5904,1.1117,-0.50055,-1.2401
-0.70362,-0.97336,-1.187,0.58416,1.0995,-0.49428,-1.2228
-0.69431,-0.96445,-1.1734,0.57787,1.0873,-0.48802,-1.2055
-0.685,-0.95545,-1.1599,0.57155,1.075,-0.48176,-1.1883
-0.67569,-0.94637,-1.1463,0.56519,1.0627,-0.47552,-1.1712
-0.6664,-0.93721,-1.1327,0.5588,1.0503,-0.46929,-1.1541
-0.65713,-0.92797,-1.119,0.55238,1.038,-0.46307,-1.1371
-0.64787,-0.91866,-1.1054,0.54593,1.0256,-0.45687,-1.1202
-0.63863,-0.90929,-1.0918,0.53945,1.0131,-0.45068,-1.1034
-0.6294,-0.89984,-1.0781,0.53295,1.0007,-0.44451,-1.0866
-0.6202,-0.89033,-1.0645,0.52643,0.98825,-0.43835,-1.0699
-0.61103,-0.88076,-1.0508,0.51989,0.97579,-0.43221,-1.0533
-0.60188,-0.87113,-1.0372,0.51334,0.96331,-0.42609,-1.0368
-0.59276,-0.86144,-1.0236,0.50677,0.95083,-0.41999,-1.0203
-0.58367,-0.85171,-1.01,0.50018,0.93834,-0.41391,-1.004
-0.57461,-0.84192,-0.99636,0.49358,0.92586,-0.40786,-0.98776
-0.56559,-0.83209,-0.98277,0.48698,0.91338,-0.40182,-0.9716
-0.5566,-0.82222,-0.96919,0.48036,0.9009,-0.39581,-0.95555
-0.54765,-0.81231,-0.95565,0.47375,0.88843,-0.38982,-0.93959
-0.53874,-0.80237,-0.94212,0.46713,0.87598,-0.38386,-0.92373
-0.52988,-0.79239,-0.92862,0.4605,0.86354,-0.37792,-0.90798
-0.52105,-0.78238,-0.91515,0.45388,0.85112,-0.37201,-0.89234
-0.51228,-0.77234,-0.90172,0.44727,0.83872,-0.36613,-0.8768
-0.50355,-0.76228,-0.88831,0.44065,0.82634,-0.36028,-0.86137
-0.49487,-0.7522,-0.87495,0.43405,0.81399,-0.35446,-0.84606
-0.48624,-0.7421,-0.86163,0.42745,0.80167,-0.34867,-0.83086
-0.47766,-0.73199,-0.84835,0.42086,0.78938,-0.34291,-0.81578
-0.46913,-0.72186,-0.83511,0.41429,0.77713,-0.33718,-0.80082
-0.46067,-0.71173,-0.82192,0.40773,0.76492,-0.33149,-0.78598
-0.45226,-0.70159,-0.80879,0.40119,0.75274,-0.32583,-0.77126
-0.4439,-0.69145,-0.79571,0.39466,0.74061,-0.3202,-0.75666
-0.43561,-0.6813,-0.78268,0.38816,0.72853,-0.31461,-0.74219
-0.42738,-0.67117,-0.76971,0.38167,0.71649,-0.30906,-0.72785
-0.41922,-0.66103,-0.7568,0.37521,0.7045,-0.30354,-0.71363
-0.41111,-0.65091,-0.74395,0.36878,0.69257,-0.29807,-0.69955
-0.40308,-0.6408,-0.73117,0.36237,0.6807,-0.29263,-0.6856
-0.39511,-0.6307,-0.71846,0.35599,0.66888,-0.28723,-0.67178
-0.38721,-0.62062,-0.70582,0.34964,0.65712,-0.28187,-0.6581
-0.37938,-0.61056,-0.69325,0.34332,0.64543,-0.27656,-0.64456
-0.37162,-0.60053,-0.68076,0.33703,0.6338,-0.27128,-0.63115
-0.36393,-0.59052,-0.66834,0.33078,0.62225,-0.26605,-0.61788
-0.35631,-0.58054,-0.656,0.32457,0.61076,-0.26086,-0.60475
-0.34877,-0.57059,-0.64374,0.31839,0.59934,-0.25572,-0.59177
-0.34131,-0.56067,-0.63157,0.31225,0.588,-0.25062,-0.57893
-0.33392,-0.55079,-0.61948,0.30615,0.57674,-0.24556,-0.56623
-0.32661,-0.54095,-0.60748,0.3001,0.56556,-0.24055,-0.55368
-0.31938,-0.53115,-0.59557,0.29409,0.55446,-0.23559,-0.54127
-0.31222,-0.5214,-0.58375,0.28812,0.54344,-0.23067,-0.52901
-0.30515,-0.51169,-0.57203,0.2822,0.53251,-0.22581,-0.5169
-0.29816,-0.50203,-0.5604,0.27632,0.52166,-0.22099,-0.50494
-0.29125,-0.49243,-0.54887,0.2705,0.51091,-0.21621,-0.49312
-0.28442,-0.48288,-0.53743,0.26472,0.50024,-0.21149,-0.48146
-0.27767,-0.47338,-0.5261,0.259,0.48967,-0.20682,-0.46995
-0.27101,-0.46395,-0.51488,0.25332,0.47919,-0.2022,-0.45859
-0.26443,-0.45457,-0.50375,0.2477,0.46881,-0.19763,-0.44738
-0.25794,-0.44526,-0.49273,0.24214,0.45853,-0.19311,-0.43633
-0.25154,-0.43601,-0.48183,0.23662,0.44835,-0.18864,-0.42543
-0.24522,-0.42683,-0.47103,0.23117,0.43827,-0.18423,-0.41468
-0.23898,-0.41773,-0.46034,0.22577,0.4283,-0.17987,-0.40409
-0.23284,-0.40869,-0.44976,0.22043,0.41843,-0.17556,-0.39365
-0.22678,-0.39973,-0.4393,0.21515,0.40866,-0.1713,-0.38337
-0.22081,-0.39084,-0.42896,0.20993,0.39901,-0.1671,-0.37324
-0.21493,-0.38203,-0.41873,0.20477,0.38946,-0.16295,-0.36326
-0.20914,-0.3733,-0.40861,0.19968,0.38002,-0.15885,-0.35345
-0.20343,-0.36466,-0.39862,0.19464,0.37069,-0.15482,-0.34379
-0.19782,-0.35609,-0.38875,0.18967,0.36148,-0.15083,-0.33428
-0.1923,-0.34761,-0.379,0.18476,0.35238,-0.1469,-0.32493
-0.18686,-0.33922,-0.36938,0.17992,0.3434,-0.14303,-0.31574
-0.18151,-0.33092,-0.35987,0.17514,0.33453,-0.13921,-0.3067
-0.17626,-0.32271,-0.3505,0.17043,0.32578,-0.13545,-0.29781
-0.17109,-0.31459,-0.34125,0.16578,0.31714,-0.13174,-0.28908
-0.16602,-0.30656,-0.33212,0.1612,0.30863,-0.12809,-0.28051
-0.16103,-0.29863,-0.32313,0.15669,0.30023,-0.1245,-0.27209
-0.15613,-0.29079,-0.31426,0.15224,0.29196,-0.12097,-0.26383
-0.15133,-0.28305,-0.30552,0.14787,0.28381,-0.11749,-0.25571
-0.14661,-0.27541,-0.29691,0.14356,0.27578,-0.11406,-0.24776
-0.14198,-0.26787,-0.28843,0.13932,0.26787,-0.1107,-0.23995
-0.13744,-0.26044,-0.28009,0.13515,0.26009,-0.10739,-0.2323
-0.133,-0.2531,-0.27187,0.13106,0.25243,-0.10414,-0.2248
-0.12863,-0.24587,-0.26379,0.12703,0.24489,-0.10094,-0.21745
-0.12436,-0.23874,-0.25584,0.12307,0.23748,-0.097807,-0.21025
-0.12018,-0.23172,-0.24803,0.11918,0.2302,-0.094727,-0.2032
-0.11608,-0.2248,-0.24035,0.11536,0.22304,-0.091704,-0.1963
-0.11208,-0.218,-0.2328,0.11161,0.216,-0.088737,-0.18955
-0.10815,-0.2113,-0.22539,0.10794,0.2091,-0.085828,-0.18294
-0.10432,-0.20471,-0.21811,0.10433,0.20232,-0.082976,-0.17648
-0.10057,-0.19822,-0.21096,0.10079,0.19566,-0.08018,-0.17017
-0.096909,-0.19185,-0.20396,0.09733,0.18913,-0.077441,-0.164
-0.093331,-0.1856,-0.19708,0.093936,0.18273,-0.074758,-0.15798
-0.089838,-0.17945,-0.19034,0.090613,0.17646,-0.072131,-0.1521
-0.086429,-0.17341,-0.18374,0.087361,0.17031,-0.069561,-0.14636
-0.083104,-0.16749,-0.17727,0.084178,0.16429,-0.067046,-0.14076
-0.079861,-0.16168,-0.17093,0.081066,0.15839,-0.064587,-0.13529
-0.0767,-0.15598,-0.16473,0.078025,0.15262,-0.062183,-0.12997
-0.073621,-0.1504,-0.15866,0.075052,0.14698,-0.059835,-0.12478
-0.070622,-0.14493,-0.15273,0.07215,0.14146,-0.057541,-0.11973
-0.067703,-0.13957,-0.14693,0.069317,0.13606,-0.055302,-0.11481
-0.064863,-0.13433,-0.14126,0.066552,0.13079,-0.053117,-0.11003
-0.062102,-0.1292,-0.13572,0.063856,0.12565,-0.050986,-0.10538
-0.059418,-0.12419,-0.13032,0.061229,0.12063,-0.048909,-0.10085
-0.056811,-0.11929,-0.12505,0.058669,0.11573,-0.046885,-0.096459
-0.05428,-0.1145,-0.11991,0.056177,0.11095,-0.044913,-0.092191
-0.051823,-0.10983,-0.1149,0.053751,0.1063,-0.042994,-0.088049
-0.049441,-0.10527,-0.11001,0.051392,0.10176,-0.041127,-0.08403
-0.047132,-0.10082,-0.10526,0.049099,0.09735,-0.039312,-0.080134
-0.044895,-0.096485,-0.10063,0.04687,0.093056,-0.037548,-0.076359
-0.042729,-0.092264,-0.096134,0.044707,0.08888,-0.035834,-0.072703
-0.040633,-0.088154,-0.09176,0.042608,0.084822,-0.03417,-0.069164
-0.038607,-0.084156,-0.087512,0.040572,0.080881,-0.032556,-0.065741
-0.036649,-0.080268,-0.083387,0.0386,0.077056,-0.030992,-0.062432
-0.034758,-0.07649,-0.079385,0.036689,0.073345,-0.029475,-0.059236
-0.032933,-0.072822,-0.075504,0.03484,0.069748,-0.028007,-0.05615
-0.031173,-0.069263,-0.071745,0.033052,0.066264,-0.026587,-0.053173
-0.029477,-0.065812,-0.068104,0.031323,0.062891,-0.025213,-0.050303
-0.027844,-0.062468,-0.064582,0.029654,0.059628,-0.023885,-0.047538
-0.026272,-0.05923,-0.061176,0.028044,0.056473,-0.022604,-0.044877
-0.024761,-0.056097,-0.057886,0.026491,0.053427,-0.021367,-0.042317
-0.02331,-0.053069,-0.054709,0.024995,0.050487,-0.020174,-0.039857
-0.021917,-0.050144,-0.051646,0.023554,0.047651,-0.019026,-0.037494
-0.020582,-0.047322,-0.048693,0.022169,0.044919,-0.017921,-0.035227
-0.019302,-0.0446,-0.04585,0.020838,0.042289,-0.016858,-0.033055
-0.018077,-0.041979,-0.043116,0.019561,0.03976,-0.015836,-0.030974
-0.016906,-0.039456,-0.040487,0.018335,0.03733,-0.014856,-0.028983
-0.015787,-0.037031,-0.037964,0.017161,0.034997,-0.013917,-0.02708
-0.014719,-0.034701,-0.035543,0.016038,0.03276,-0.013016,-0.025264
-0.013702,-0.032467,-0.033224,0.014964,0.030617,-0.012155,-0.023531
-0.012733,-0.030325,-0.031005,0.013939,0.028567,-0.011332,-0.021881
-0.011812,-0.028276,-0.028884,0.01296,0.026608,-0.010546,-0.02031
-0.010937,-0.026317,-0.026859,0.012029,0.024738,-0.0097966,-0.018818
-0.010107,-0.024446,-0.024928,0.011143,0.022956,-0.0090832,-0.017401
-0.0093213,-0.022663,-0.023089,0.010301,0.021259,-0.0084047,-0.016059
-0.0085781,-0.020966,-0.021341,0.0095022,0.019646,-0.0077604,-0.014788
-0.0078764,-0.019352,-0.019681,0.0087458,0.018114,-0.0071496,-0.013588
-0.0072149,-0.01782,-0.018107,0.0080305,0.016663,-0.0065713,-0.012455
-0.0065923,-0.016369,-0.016618,0.0073553,0.01529,-0.0060247,-0.011388
-0.0060073,-0.014996,-0.015211,0.0067189,0.013993,-0.0055091,-0.010385
-0.0054589,-0.0137,-0.013884,0.0061204,0.012771,-0.0050235,-0.0094441
-0.0049456,-0.012479,-0.012636,0.0055586,0.01162,-0.0045671,-0.0085625
-0.0044663,-0.01133,-0.011463,0.0050322,0.01054,-0.004139,-0.0077385
-0.0040197,-0.010253,-0.010365,0.0045403,0.0095283,-0.0037385,-0.0069701
-0.0036047,-0.0092447,-0.0093374,0.0040816,0.0085825,-0.0033645,-0.0062553
-0.0032199,-0.0083033,-0.0083794,0.0036551,0.0077008,-0.0030162,-0.005592
-0.0028641,-0.0074268,-0.0074886,0.0032594,0.0068809,-0.0026927,-0.0049782
-0.0025362,-0.0066131,-0.0066626,0.0028936,0.0061209,-0.0023932,-0.0044119
-0.0022349,-0.00586,-0.005899,0.0025563,0.0054185,-0.0021167,-0.003891
-0.001959,-0.0051655,-0.0051955,0.0022465,0.0047716,-0.0018624,-0.0034136
-0.0017073,-0.0045274,-0.0045499,0.0019629,0.0041779,-0.0016292,-0.0029776
-0.0014787,-0.0039433,-0.0039597,0.0017044,0.0036354,-0.0014164,-0.0025811
-0.0012718,-0.0034112,-0.0034225,0.0014698,0.0031417,-0.001223,-0.002222
-0.0010857,-0.0029286,-0.002936,0.001258,0.0026946,-0.001048,-0.0018985
-0.00091901,-0.0024934,-0.0024976,0.0010677,0.002292,-0.00089058,-0.0016086
-0.00077069,-0.0021032,-0.002105,0.00089773,0.0019314,-0.00074979,-0.0013502
-0.00063957,-0.0017556,-0.0017557,0.00074699,0.0016106,-0.0006247,-0.0011216
-0.00052453,-0.0014483,-0.0014472,0.00061426,0.0013274,-0.00051438,-0.00092073
-0.00042443,-0.0011789,-0.001177,0.00049839,0.0010794,-0.0004179,-0.00074576
-0.00033818,-0.0009449,-0.00094268,0.00039819,0.00086438,-0.00033434,-0.00059481
-0.00026468,-0.00074397,-0.00074164,0.0003125,0.00067993,-0.00026275,-0.000466
-0.00020285,-0.00057363,-0.00057138,0.00024016,0.00052375,-0.00020221,-0.00035752
-0.00015163,-0.0004314,-0.00042936,0.00018002,0.00039351,-0.00015178,-0.00026753
-0.00010997,-0.00031478,-0.00031305,0.00013092,0.00028687,-0.00011054,-0.00019423
-7.6831e-05,-0.00022128,-0.00021989,9.1727e-05,0.00020147,-7.7561e-05,-0.00013584
-5.1197e-05,-0.00014836,-0.00014731,6.1296e-05,0.00013496,-5.1906e-05,-9.0621e-05
-3.2066e-05,-9.3504e-05,-9.2771e-05,3.8501e-05,8.4976e-05,-3.2651e-05,-5.6822e-05
-1.8455e-05,-5.4152e-05,-5.3686e-05,2.2222e-05,4.9167e-05,-1.8874e-05,-3.2739e-05
-9.3961e-06,-2.7746e-05,-2.7485e-05,1.1347e-05,2.5169e-05,-9.6522e-06,-1.6688e-05
-3.9415e-06,-1.1713e-05,-1.1594e-05,4.7739e-06,1.0615e-05,-4.0671e-06,-7.0082e-06
-1.161e-06,-3.4727e-06,-3.4347e-06,1.4105e-06,3.1444e-06,-1.2036e-06,-2.0664e-06
-1.4413e-07,-4.3424e-07,-4.2916e-07,1.7585e-07,3.9287e-07,-1.5033e-07,-2.5638e-07
1.7479e-10,1.0654e-10,1.1864e-10,4.8426e-11,-5.4041e-11,-9.1671e-11,8.3207e-10
