0.3195
0.54622
0.72176
-0.13626
0.11701
-0.2108
-0.30262
0.72695
-0.85564
-0.50982
0.77603
-0.35602
0.052349
-0.9179
-0.79496
0.21789
0.23875
0.62825
0.11485
0.42778
0.072385
0.16971
-0.80388
-0.28334
-0.91118
-0.014169
1.1728
-0.19383
-0.02014
0.21302
0.56238
0.0082199
-0.47769
-0.24047
-0.5977
0.28158
-0.62189
0.45287
-0.43586
-0.53028
-0.15072
0.036301
0.75039
-0.4513
-0.18196
0.7229
-1.0619
-0.12566
-0.30327
0.63949
0.72735
-0.16842
0.8198
-0.34327
1.2135
-0.62654
-0.64813
-0.63991
-0.61437
0.93732
-0.58148
-0.3379
1.1605
0.66703
-0.20416
0.13865
-0.42974
0.89216
1.0608
0.5851
-0.87613
-0.32724
0.11219
-0.03813
0.1329
-0.18562
1.6377